; Комментарий начинается с ;

; Порядок и количество чисел во входном файле должны быть одними и теми же

; [Основные параметры]

20 ; n - количество узлов в сети связи (влияет на матрицу расстояний и вектор кол-ва абонентов)

0.1 ; y0 - интенсивность удельной абонентской нагрузки (Эрл)

85600 ; a0 - скорость потока для кодека (бит/с)

200 ; L - длина пакета (байт, не бит!)

0.98 ; (98%) q - доля вызовов, обслуженных с гарантированным качеством

0.1 ; T0 - начальное требование к величине задержки (сек)

0 ; оптимизация величины задержки T0: 1 - оптимизировать, 0 - не оптимизировать

10000 ; DC - шаг изменения пропускной способности (чем меньше, тем точнее, но дольше)

10000 ; ACCURACY - точность (чем больше, тем точнее, но дольше)

; [Количество абонентов в каждом узле связи]

6580 4091 4272 7028 8554 5530 7131 6179 8168 8737 2610 6691 3031 1201 6305 9593 8619 6808 5623 1473

; [Матрица расстояний]

; Там, где нет прямого пути, должно быть большое число (например, 90000000000)

0 34.49588418 90000000000 34.62873101 90000000000 90000000000 27.19784379 57.56898522 90000000000 90000000000 90000000000 13.3461535 90000000000 23.27514291 90000000000 55.08523583 90000000000 40.41705728 19.877249 90000000000
34.49588418 0 96.07354999 15.25732875 90000000000 90000000000 90000000000 90000000000 80.42518497 90000000000 90000000000 96.37038112 90000000000 35.14534831 90000000000 33.35024714 90000000000 75.75070262 39.03695941 72.11233974
90000000000 96.07354999 0 21.70084119 38.61907125 54.83081937 90000000000 90000000000 90000000000 71.40205503 90000000000 5.624562502 58.88312459 90000000000 90000000000 90000000000 90000000000 41.72714353 90000000000 41.20844007
34.62873101 15.25732875 21.70084119 0 90000000000 90000000000 33.88914466 90000000000 90000000000 49.19576049 89.13988471 97.23739028 32.52148032 43.08785796 90000000000 27.76278853 90000000000 17.277807 90000000000 90000000000
90000000000 90000000000 38.61907125 90000000000 0 90000000000 90000000000 59.86605287 90000000000 90000000000 90000000000 90000000000 67.84968972 82.18536973 90000000000 29.61130738 90000000000 90000000000 10.86907983 61.78618073
90000000000 90000000000 54.83081937 90000000000 90000000000 0 90000000000 60.85025668 34.3339622 88.30015063 90000000000 66.00028872 89.05064464 91.21629596 32.31169581 86.21379733 90.86205363 90000000000 90000000000 99.6157825
27.19784379 90000000000 90000000000 33.88914466 90000000000 90000000000 0 98.15047383 89.67960477 71.1760819 74.71998334 90000000000 59.08287168 90000000000 30.65889478 90000000000 90000000000 90000000000 12.01284528 90000000000
57.56898522 90000000000 90000000000 90000000000 59.86605287 60.85025668 98.15047383 0 90000000000 90000000000 90000000000 17.14271903 52.38561034 90000000000 90000000000 14.59316611 90000000000 57.78555274 36.37256026 60.31021476
90000000000 80.42518497 90000000000 90000000000 90000000000 34.3339622 89.67960477 90000000000 0 90000000000 90000000000 85.3002131 9.224516153 55.07417321 90000000000 83.05736184 79.35104966 25.89040399 90000000000 65.21392465
90000000000 90000000000 71.40205503 49.19576049 90000000000 88.30015063 71.1760819 90000000000 90000000000 0 82.26520419 90000000000 24.80298877 38.71943355 90000000000 14.98219371 90000000000 90000000000 61.73030734 90000000000
90000000000 90000000000 90000000000 89.13988471 90000000000 90000000000 74.71998334 90000000000 90000000000 82.26520419 0 21.79401517 90000000000 87.93790936 90000000000 94.02931333 90000000000 90000000000 90000000000 90000000000
13.3461535 96.37038112 5.624562502 97.23739028 90000000000 66.00028872 90000000000 17.14271903 85.3002131 90000000000 21.79401517 0 15.70829749 48.60438704 90000000000 80.9660852 3.185600042 26.37099624 90000000000 90000000000
90000000000 90000000000 58.88312459 32.52148032 67.84968972 89.05064464 59.08287168 52.38561034 9.224516153 24.80298877 90000000000 15.70829749 0 90000000000 15.25397897 90000000000 65.35020471 62.00705171 90000000000 55.03235459
23.27514291 35.14534831 90000000000 43.08785796 82.18536973 91.21629596 90000000000 90000000000 55.07417321 38.71943355 87.93790936 48.60438704 90000000000 0 7.486122847 17.9464519 20.26621699 90000000000 35.05436778 24.96415973
90000000000 90000000000 90000000000 90000000000 90000000000 32.31169581 30.65889478 90000000000 90000000000 90000000000 90000000000 90000000000 15.25397897 7.486122847 0 41.11779332 90000000000 90000000000 90000000000 90000000000
55.08523583 33.35024714 90000000000 27.76278853 29.61130738 86.21379733 90000000000 14.59316611 83.05736184 14.98219371 94.02931333 80.9660852 90000000000 17.9464519 41.11779332 0 90000000000 90000000000 34.93718505 67.04439521
90000000000 90000000000 90000000000 90000000000 90000000000 90.86205363 90000000000 90000000000 79.35104966 90000000000 90000000000 3.185600042 65.35020471 20.26621699 90000000000 90000000000 0 90000000000 5.313688517 16.6418612
40.41705728 75.75070262 41.72714353 17.277807 90000000000 90000000000 90000000000 57.78555274 25.89040399 90000000000 90000000000 26.37099624 62.00705171 90000000000 90000000000 90000000000 90000000000 0 90000000000 90000000000
19.877249 39.03695941 90000000000 90000000000 10.86907983 90000000000 12.01284528 36.37256026 90000000000 61.73030734 90000000000 90000000000 90000000000 35.05436778 90000000000 34.93718505 5.313688517 90000000000 0 90000000000
90000000000 72.11233974 41.20844007 90000000000 61.78618073 99.6157825 90000000000 60.31021476 65.21392465 90000000000 90000000000 90000000000 55.03235459 24.96415973 90000000000 67.04439521 16.6418612 90000000000 90000000000 0