20
0.1
85600
200
0.98
0.1
1
10000
10000
4471 1877 9544 4324 4327 1231 7970 3838 5664 8830 6583 9011 7357 8368 5370 4699 1397 4183 5378 8571
0 33.62804055 90000000000 34.8595202 98.3925879 90000000000 14.03751969 90000000000 83.0088675 90000000000 90000000000 90000000000 82.49331117 90000000000 90000000000 63.47032189 49.97091889 17.08827615 47.68372178 90000000000
33.62804055 0 36.76149249 90000000000 38.05782199 90000000000 9.526270628 90000000000 23.43246341 30.40615916 77.04202533 60.65451503 90000000000 90000000000 90000000000 90000000000 23.74717593 60.32292247 8.826464415 90000000000
90000000000 36.76149249 0 41.95726514 67.2373116 84.38900113 90000000000 90000000000 90000000000 80.50125241 33.52482915 84.9630177 37.2083962 90000000000 90000000000 71.15095258 90000000000 53.65837216 48.49103093 90000000000
34.8595202 90000000000 41.95726514 0 29.58416343 90000000000 86.10662818 22.53054976 90000000000 88.11978698 90000000000 18.31473708 69.48017478 29.13102508 90000000000 90000000000 50.8905828 90000000000 59.8910749 90000000000
98.3925879 38.05782199 67.2373116 29.58416343 0 66.05225205 90000000000 79.39615846 90000000000 17.55085588 7.187134027 99.65696931 90000000000 69.85512376 90000000000 97.28594422 92.15598702 76.0900557 2.261978388 90000000000
90000000000 90000000000 84.38900113 90000000000 66.05225205 0 47.02574611 6.152456999 90000000000 80.20879626 90000000000 90000000000 71.76739573 99.77533221 18.66614223 64.8167789 90000000000 90000000000 90000000000 90000000000
14.03751969 9.526270628 90000000000 86.10662818 90000000000 47.02574611 0 31.65152669 80.37059903 74.13514256 7.525235415 90000000000 90000000000 90000000000 8.630162477 90000000000 83.36170316 73.62282872 16.4001286 90000000000
90000000000 90000000000 90000000000 22.53054976 79.39615846 6.152456999 31.65152669 0 8.428281546 90000000000 90000000000 90000000000 90000000000 90000000000 90000000000 45.49717307 90000000000 95.06163001 90000000000 36.77086234
83.0088675 23.43246341 90000000000 90000000000 90000000000 90000000000 80.37059903 8.428281546 0 58.34127069 90000000000 90000000000 49.57981706 9.455353022 90000000000 90000000000 68.77861619 90000000000 15.59420228 90000000000
90000000000 30.40615916 80.50125241 88.11978698 17.55085588 80.20879626 74.13514256 90000000000 58.34127069 0 90000000000 90000000000 7.531946898 90000000000 82.86392093 7.269257307 29.1492641 95.81839442 68.65360141 90000000000
90000000000 77.04202533 33.52482915 90000000000 7.187134027 90000000000 7.525235415 90000000000 90000000000 90000000000 0 73.61782193 90000000000 94.37597394 88.07032704 75.39413571 90000000000 90000000000 24.63057637 90000000000
90000000000 60.65451503 84.9630177 18.31473708 99.65696931 90000000000 90000000000 90000000000 90000000000 90000000000 73.61782193 0 80.81640601 13.57821822 90000000000 90000000000 90000000000 90000000000 90000000000 90000000000
82.49331117 90000000000 37.2083962 69.48017478 90000000000 71.76739573 90000000000 90000000000 49.57981706 7.531946898 90000000000 80.81640601 0 51.95017457 73.41933846 90000000000 90000000000 90000000000 90000000000 46.21773362
90000000000 90000000000 90000000000 29.13102508 69.85512376 99.77533221 90000000000 90000000000 9.455353022 90000000000 94.37597394 13.57821822 51.95017457 0 90000000000 90000000000 51.29839778 90000000000 90000000000 65.16382098
90000000000 90000000000 90000000000 90000000000 90000000000 18.66614223 8.630162477 90000000000 90000000000 82.86392093 88.07032704 90000000000 73.41933846 90000000000 0 90000000000 3.492337465 9.222823381 43.73901486 90000000000
63.47032189 90000000000 71.15095258 90000000000 97.28594422 64.8167789 90000000000 45.49717307 90000000000 7.269257307 75.39413571 90000000000 90000000000 90000000000 90000000000 0 90000000000 90000000000 99.44714904 87.27945685
49.97091889 23.74717593 90000000000 50.8905828 92.15598702 90000000000 83.36170316 90000000000 68.77861619 29.1492641 90000000000 90000000000 90000000000 51.29839778 3.492337465 90000000000 0 90000000000 90000000000 37.03866601
17.08827615 60.32292247 53.65837216 90000000000 76.0900557 90000000000 73.62282872 95.06163001 90000000000 95.81839442 90000000000 90000000000 90000000000 90000000000 9.222823381 90000000000 90000000000 0 32.10012317 99.05611873
47.68372178 8.826464415 48.49103093 59.8910749 2.261978388 90000000000 16.4001286 90000000000 15.59420228 68.65360141 24.63057637 90000000000 90000000000 90000000000 43.73901486 99.44714904 90000000000 32.10012317 0 90000000000
90000000000 90000000000 90000000000 90000000000 90000000000 90000000000 90000000000 36.77086234 90000000000 90000000000 90000000000 90000000000 46.21773362 65.16382098 90000000000 87.27945685 37.03866601 99.05611873 90000000000 0
