1. Интенсивности производимого в узлах сети трафика
447.100006662309 187.700002796948 954.400014221668 432.400006443262 432.700006447732 123.100001834333 797.000011876225 383.800005719066 566.400008440018 883.000013157725 658.300009809434 901.100013427436 735.700010962784 836.800012469292 537.000008001924 469.900007002056 139.700002081692 418.300006233156 537.800008013844 857.100012771785 

2. Коэффициенты распределения трафика по направлениям связи
0.039568822847433 0.0166116485091997 0.0844654093616419 0.0382678573008947 0.038294407618171 0.0108944801890383 0.0705353428973476 0.0339667059021355 0.0501269990176383 0.0781464338498845 0.0582602462099422 0.0797483029922208 0.0651102280672254 0.0740576849893356 0.0475250679245617 0.0415866469604312 0.0123635977449931 0.037019992388909 0.0475958687706318 0.0758542564583647 

3. Матрица интенсивностей трафика в направлениях связи
17.691220958707 7.42706815913512 37.7644850883248 17.1095592541823 17.1214299012135 4.8709221651014 31.5363522793324 15.1865144351415 22.4117815947476 34.9392710949191 26.0481564686129 35.6554667991297 29.1107834026409 33.1111914521272 21.2484581856982 18.5933901330719 5.5277646341565 16.5516388437199 21.2801132444479 33.9144385678994 
7.42706815913512 3.1180064716387 15.8541575734255 7.18287692241115 7.18786041703817 2.04489396195378 13.2394840591158 6.37555079283395 9.40883785581331 14.6680858521948 10.935448376557 14.9687566946917 12.2211899903281 13.9006276796338 8.92045538236537 7.80581375078862 2.32064733131554 6.94865267494122 8.93374470137076 14.2378441493955 
37.7644850883248 15.8541575734255 80.61378789599 36.5228435522067 36.5481831753928 10.3976920473558 67.3189322643588 32.4178245960614 47.8412085753235 74.5829575777024 55.6035798113267 76.1117815099294 62.141202593336 70.6806556070458 45.3579255030874 39.690296450467 11.7998178636524 35.3318812624608 45.4254978315837 72.3953034426373 
17.1095592541823 7.18287692241115 36.5228435522067 16.5470217434767 16.5585021008381 4.71077330393613 30.4994827232908 14.6872038509398 21.6749146982082 33.790518500208 25.191730836565 34.4831667276755 28.1536630357905 32.0225434665618 20.5498396767969 17.9820664136441 5.3460197445969 16.0074449474938 20.5804539630939 32.7993809813457 
17.1214299012135 7.18786041703817 36.5481831753928 16.5585021008381 16.5699904232947 4.71404164804155 30.5206433264753 14.6973938628623 21.6899527981376 33.8139624307123 25.2092089106885 34.5070912189296 28.1731961045018 32.0447607723897 20.5640971973868 17.9945424079181 5.34972882397566 16.0185509453759 20.5947327239378 32.8221372586223 
4.8709221651014 2.04489396195378 10.3976920473558 4.71077330393613 4.71404164804155 1.34111053125471 8.6829008400488 4.18130155885913 6.17063367102087 9.61982615026736 7.17183641531258 9.81701624462731 8.01506919450928 9.11650115803367 5.85033594869034 5.11931631711283 1.5219589050876 4.5571611309817 5.85905153297145 9.33765910916665 
31.5363522793324 13.2394840591158 67.3189322643588 30.4994827232908 30.5206433264753 8.6829008400488 56.2166691268797 27.0714650073983 39.9512188123772 62.2827087064426 46.4334169212358 63.5593984319088 51.8928525428424 59.0239758160263 37.8774797002941 33.144558121356 9.85378754959234 29.5049343736183 37.9339079754528 60.4558432981789 
15.1865144351415 6.37555079283395 32.4178245960614 14.6872038509398 14.6973938628623 4.18130155885913 27.0714650073983 13.0364219194974 19.2387425096492 29.9926017585103 22.36028282857 30.6073991445001 24.9893059045708 28.4233399224478 18.2401213412458 15.9609553412503 4.74514888523656 14.2082732905831 18.2672947063724 29.1128640625358 
22.4117815947476 9.40883785581331 47.8412085753235 21.6749146982082 21.6899527981376 6.17063367102088 39.9512188123772 19.2387425096492 28.3919326666631 44.2621407921319 32.9986039450288 45.1694394878709 36.8784337268079 41.9462734030079 26.9181988735842 23.5546771893803 7.00274186711305 20.9681240015275 26.9583004733958 42.963851498229 
34.9392710949191 14.6680858521948 74.5829575777024 33.790518500208 33.8139624307123 9.61982615026736 62.2827087064426 29.9926017585103 44.2621407921319 69.0033021176773 51.4437981699513 70.4177525914372 57.4923322400625 65.392936820014 41.9646356027098 36.7210098132464 10.9170569715057 32.6886537665056 42.0271527507213 66.9793094508055 
26.0481564686129 10.935448376557 55.6035798113267 25.191730836565 25.2092089106885 7.17183641531257 46.4334169212358 22.36028282857 32.9986039450288 51.4437981699513 38.352720651505 52.4983086420647 42.862063775349 48.7521747549436 31.285752680933 27.3764901019933 8.13895651680883 24.370261352764 31.3323608785955 49.9348577706288 
35.6554667991298 14.9687566946917 76.1117815099294 34.4831667276755 34.5070912189296 9.81701624462731 63.5593984319088 30.6073991445001 45.1694394878709 70.4177525914372 52.4983086420647 71.8611968971054 58.6708273856403 66.7333809382952 42.8248393449624 37.4737281344466 11.1408380940247 33.3587156387295 42.8886379883068 68.3522715131606 
29.110783402641 12.2211899903281 62.141202593336 28.1536630357905 28.1731961045018 8.01506919450928 51.8928525428424 24.9893059045708 36.8784337268079 57.4923322400625 42.862063775349 58.6708273856403 47.9015955028471 54.4842396585326 34.9641929931071 30.5952966246947 9.09589899653084 27.2356088063626 35.0162811763371 55.8059773079927 
33.1111914521272 13.9006276796338 70.6806556070458 32.0225434665618 32.0447607723897 9.11650115803367 59.0239758160263 28.4233399224478 41.9462734030079 65.392936820014 48.7521747549436 66.7333809382952 54.4842396585326 61.9714717225229 39.7689774318772 34.7997066950448 10.3458587471755 30.9783300926522 39.8282235807515 63.4748427502084 
21.2484581856982 8.92045538236537 45.3579255030874 20.5498396767969 20.5640971973868 5.85033594869034 37.8774797002941 18.2401213412458 26.9181988735842 41.9646356027098 31.285752680933 42.8248393449624 34.9641929931071 39.7689774318772 25.5209618557816 22.3320297505247 6.63925208799383 19.8797362090753 25.5589819106878 40.7337363251218 
18.5933901330719 7.80581375078862 39.690296450467 17.9820664136441 17.9945424079181 5.11931631711283 33.144558121356 15.9609553412503 23.5546771893803 36.7210098132464 27.3764901019933 37.4737281344466 30.5952966246947 34.7997066950448 22.3320297505247 19.5415656978986 5.80965466694283 17.3956946827644 22.3652990685888 35.6439156409213 
5.5277646341565 2.32064733131554 11.7998178636524 5.3460197445969 5.34972882397566 1.5219589050876 9.85378754959234 4.74514888523656 7.00274186711305 10.9170569715057 8.13895651680883 11.1408380940247 9.09589899653084 10.3458587471755 6.63925208799383 5.80965466694283 1.72719463071273 5.17169301379482 6.64914296633721 10.5968397851388 
16.5516388437199 6.94865267494122 35.3318812624608 16.0074449474938 16.018550945376 4.5571611309817 29.5049343736183 14.2082732905831 20.9681240015275 32.6886537665056 24.370261352764 33.3587156387295 27.2356088063626 30.9783300926522 19.8797362090753 17.3956946827644 5.17169301379482 15.485463047032 19.9093522034277 31.7298359493453 
21.2801132444479 8.93374470137076 45.4254978315837 20.5804539630939 20.5947327239378 5.85905153297145 37.9339079754528 18.2672947063724 26.9583004733958 42.0271527507213 31.3323608785955 42.8886379883068 35.0162811763371 39.8282235807515 25.5589819106878 22.3652990685888 6.64914296633721 19.9093522034277 25.5970586062717 40.7944197311927 
33.9144385678994 14.2378441493955 72.3953034426373 32.7993809813457 32.8221372586223 9.33765910916665 60.4558432981789 29.1128640625358 42.963851498229 66.9793094508055 49.9348577706288 68.3522715131606 55.8059773079927 63.4748427502084 40.7337363251218 35.6439156409213 10.5968397851388 31.7298359493453 40.7944197311927 65.0146841792586 

4. Матрица кратчайших расстояний между вершинами графа #1
0 23.563790318 55.087584255 34.8595202 28.749889132 41.333824397 14.03751969 45.68904638 46.03185057 46.300745012 21.562755105 53.17425728 53.83269191 55.487203592 22.667682167 53.570002319 26.160019632 17.08827615 30.43764829 63.198685642 
23.563790318 0 36.76149249 40.672606233 11.088442803 36.822575335 9.526270628 31.860744956 23.43246341 28.639298683 17.051506043 46.466034652 36.171245581 32.887816432 18.156433105 35.90855599 21.64877057 27.379256486 8.826464415 58.68743658 
55.087584255 36.76149249 0 41.95726514 40.711963177 68.346369272 41.050064565 64.4878149 58.568143845 44.740343098 33.52482915 60.27200222 37.2083962 68.023496867 49.680227042 52.009600405 53.172564507 53.65837216 42.973941565 83.42612982 
34.8595202 40.672606233 41.95726514 0 29.58416343 28.683006759 44.296532872 22.53054976 30.958831306 47.13501931 36.771297457 18.31473708 54.666966208 29.13102508 47.349148989 54.404276617 50.841486454 51.94779635 31.846141818 59.3014121 
28.749889132 11.088442803 40.711963177 29.58416343 0 32.436919213 14.712369442 26.284462214 17.856180668 17.55085588 7.187134027 40.88975191 25.082802778 27.31153369 23.342531919 24.820113187 26.834869384 32.5653553 2.261978388 63.055324554 
41.333824397 36.822575335 68.346369272 28.683006759 32.436919213 0 27.296304707 6.152456999 14.580738545 49.987775093 34.821540122 37.614309787 57.519721991 24.036091567 18.66614223 51.649630069 22.158479695 27.888965611 30.174940825 42.923319339 
14.03751969 9.526270628 41.050064565 44.296532872 14.712369442 27.296304707 0 31.65152669 31.99433088 32.263225322 7.525235415 55.027902122 39.79517222 41.449683902 8.630162477 39.532482629 12.122499942 17.852985858 16.4001286 49.161165952 
45.68904638 31.860744956 64.4878149 22.53054976 26.284462214 6.152456999 31.65152669 0 8.428281546 43.835318094 33.471596241 31.461852788 51.367264992 17.883634568 24.818599229 45.49717307 28.310936694 34.04142261 24.022483826 36.77086234 
46.03185057 23.43246341 58.568143845 30.958831306 17.856180668 14.580738545 31.99433088 8.428281546 0 35.407036548 25.043314695 23.033571242 42.938983446 9.455353022 33.246880775 42.676293855 36.73921824 42.469704156 15.59420228 45.199143886 
46.300745012 28.639298683 44.740343098 47.13501931 17.55085588 49.987775093 32.263225322 43.835318094 35.407036548 0 24.737989907 58.44060779 7.531946898 44.86238957 32.641601565 7.269257307 29.1492641 41.864424946 19.812834268 53.749680518 
21.562755105 17.051506043 33.52482915 36.771297457 7.187134027 34.821540122 7.525235415 33.471596241 25.043314695 24.737989907 0 48.076885937 32.269936805 34.498667717 16.155397892 32.007247214 19.647735357 25.378221273 9.449112415 56.686401367 
53.17425728 46.466034652 60.27200222 18.31473708 40.88975191 37.614309787 55.027902122 31.461852788 23.033571242 58.44060779 48.076885937 0 65.52839279 13.57821822 56.280452017 65.709865097 59.772789482 65.503275398 38.627773522 68.232715128 
53.83269191 36.171245581 37.2083962 54.666966208 25.082802778 57.519721991 39.79517222 51.367264992 42.938983446 7.531946898 32.269936805 65.52839279 0 51.95017457 40.173548463 14.801204205 36.681210998 49.396371844 27.344781166 46.21773362 
55.487203592 32.887816432 68.023496867 29.13102508 27.31153369 24.036091567 41.449683902 17.883634568 9.455353022 44.86238957 34.498667717 13.57821822 51.95017457 0 42.702233797 52.131646877 46.194571262 51.925057178 25.049555302 54.654496908 
22.667682167 18.156433105 49.680227042 47.349148989 23.342531919 18.66614223 8.630162477 24.818599229 33.246880775 32.641601565 16.155397892 56.280452017 40.173548463 42.702233797 0 39.910858872 3.492337465 9.222823381 25.030291077 40.531003475 
53.570002319 35.90855599 52.009600405 54.404276617 24.820113187 51.649630069 39.532482629 45.49717307 42.676293855 7.269257307 32.007247214 65.709865097 14.801204205 52.131646877 39.910858872 0 36.418521407 49.133682253 27.082091575 61.018937825 
26.160019632 21.64877057 53.172564507 50.841486454 26.834869384 22.158479695 12.122499942 28.310936694 36.73921824 29.1492641 19.647735357 59.772789482 36.681210998 46.194571262 3.492337465 36.418521407 0 12.715160846 28.522628542 37.03866601 
17.08827615 27.379256486 53.65837216 51.94779635 32.5653553 27.888965611 17.852985858 34.04142261 42.469704156 41.864424946 25.378221273 65.503275398 49.396371844 51.925057178 9.222823381 49.133682253 12.715160846 0 32.10012317 49.753826856 
30.43764829 8.826464415 42.973941565 31.846141818 2.261978388 30.174940825 16.4001286 24.022483826 15.59420228 19.812834268 9.449112415 38.627773522 27.344781166 25.049555302 25.030291077 27.082091575 28.522628542 32.10012317 0 60.793346166 
63.198685642 58.68743658 83.42612982 59.3014121 63.055324554 42.923319339 49.161165952 36.77086234 45.199143886 53.749680518 56.686401367 68.232715128 46.21773362 54.654496908 40.531003475 61.018937825 37.03866601 49.753826856 60.793346166 0 

4. Матрица кратчайших маршрутов между вершинами графа #2
1 7 7 4 7 7 7 7 7 7 7 4 7 7 7 7 7 18 7 7 
7 2 3 19 19 7 7 9 9 19 7 9 19 9 7 19 7 7 19 7 
11 2 3 4 11 11 11 4 11 13 11 4 13 11 11 13 11 18 11 13 
1 5 3 4 5 8 5 8 8 5 5 12 5 14 8 5 8 1 5 8 
11 19 11 4 5 19 11 19 19 10 11 19 10 19 11 10 11 11 19 19 
15 15 15 8 8 6 15 8 8 8 15 8 8 8 15 8 15 15 8 8 
1 2 11 11 11 15 7 8 19 11 11 19 11 19 15 11 15 15 19 15 
7 9 4 4 9 6 7 8 9 9 9 9 9 9 6 16 6 6 9 20 
19 2 19 8 19 8 19 8 9 19 19 14 19 14 8 19 8 8 19 8 
5 5 13 5 5 5 5 5 5 10 5 5 13 5 17 16 17 17 5 13 
7 7 3 5 5 7 7 5 5 5 11 5 5 5 7 5 7 7 5 7 
4 14 4 4 14 14 14 14 14 14 14 12 14 14 14 14 14 14 14 14 
10 10 3 10 10 10 10 10 10 10 10 14 13 14 10 10 10 10 10 20 
9 9 9 4 9 9 9 9 9 9 9 12 13 14 9 9 9 9 9 9 
7 7 7 6 7 6 7 6 6 17 7 6 17 6 15 17 17 18 7 17 
10 10 10 10 10 8 10 8 10 10 10 10 10 10 10 16 10 10 10 10 
15 15 15 15 15 15 15 15 15 10 15 15 10 15 15 10 17 15 15 20 
1 15 3 1 15 15 15 15 15 15 15 15 15 15 15 15 15 18 19 15 
7 2 5 5 5 9 7 9 9 5 5 9 5 9 7 5 7 18 19 9 
17 17 13 8 8 8 17 8 8 13 17 8 13 8 17 13 17 17 8 20 

5. Матрица интенсивностей нагрузок на линиях связи
17.691220958707 0 0 68.7724710008059 0 0 360.09212080657 0 0 0 0 0 0 0 0 0 0 32.5590837912137 0 0 
0 3.1180064716387 15.8541575734255 0 0 0 66.0744940947793 0 44.6537730229727 0 0 0 0 0 0 0 0 0 57.9995716341317 0 
0 15.8541575734255 80.61378789599 145.052449658197 0 0 0 0 0 0 428.737977767452 0 248.809760064143 0 0 0 0 35.3318812624608 0 0 
68.7724710008059 0 145.052449658197 16.5470217434767 179.939294495842 0 0 132.185956851885 0 0 0 146.250415036735 0 32.0225434665618 0 0 0 0 0 0 
0 0 0 179.939294495842 16.5699904232947 0 0 0 0 1031.05386648742 910.558064952087 0 0 0 0 0 0 0 1067.4103961947 0 
0 0 0 0 0 1.34111053125471 0 363.057216918652 0 0 0 0 0 0 331.493728444637 0 0 0 0 0 
360.09212080657 66.0744940947793 0 0 0 0 56.2166691268797 42.2579794425398 0 0 726.995036188623 0 0 0 509.006624808865 0 0 0 309.479712204113 0 
0 0 0 132.185956851885 0 363.057216918652 42.2579794425398 13.0364219194974 741.653112571056 0 0 0 0 0 0 21.0802716583631 0 0 0 319.657426904461 
0 44.6537730229727 0 0 0 0 0 741.653112571056 28.3919326666631 0 0 0 0 1179.17256985304 0 0 0 0 1193.65628498926 0 
0 0 0 0 1031.05386648742 0 0 0 0 69.0033021176773 0 0 673.592647634332 0 0 429.278169645794 202.403426236953 0 0 0 
0 0 428.737977767452 0 910.558064952087 0 726.995036188623 0 0 0 38.352720651505 0 0 0 0 0 0 0 0 0 
0 0 0 146.250415036735 0 0 0 0 0 0 0 71.8611968971054 0 682.988401493596 0 0 0 0 0 0 
0 0 248.809760064143 0 0 0 0 0 0 673.592647634332 0 0 47.9015955028471 113.155067044173 0 0 0 0 0 230.824505842357 
0 0 0 32.0225434665618 0 0 0 0 1179.17256985304 0 0 682.988401493596 113.155067044173 61.9714717225229 0 0 0 0 0 0 
0 0 0 0 0 331.493728444637 509.006624808866 0 0 0 0 0 0 0 25.5209618557816 0 509.140728693405 315.014225929021 0 0 
0 0 0 0 0 0 0 21.0802716583631 0 429.278169645794 0 0 0 0 0 19.5415656978986 0 0 0 0 
0 0 0 0 0 0 0 0 0 202.403426236953 0 0 0 0 509.140728693405 0 1.72719463071273 0 0 241.603395845708 
32.5590837912137 0 35.3318812624608 0 0 0 0 0 0 0 0 0 0 0 315.014225929021 0 0 15.485463047032 19.9093522034277 0 
0 57.9995716341317 0 0 1067.4103961947 0 309.479712204113 0 1193.65628498926 0 0 0 0 0 0 0 0 19.9093522034277 25.5970586062717 0 
0 0 0 0 0 0 0 319.657426904461 0 0 0 0 230.824505842357 0 0 0 241.603395845708 0 0 65.0146841792586 

6. Матрица потоков
26 0 0 81 0 0 375 0 0 0 0 0 0 0 0 0 0 42 0 0 
0 8 24 0 0 0 78 0 55 0 0 0 0 0 0 0 0 0 69 0 
0 24 93 159 0 0 0 0 0 0 443 0 264 0 0 0 0 45 0 0 
81 0 159 24 194 0 0 146 0 0 0 160 0 42 0 0 0 0 0 0 
0 0 0 194 24 0 0 0 0 337 382 0 0 0 0 0 0 0 327 0 
0 0 0 0 0 5 0 378 0 0 0 0 0 0 346 0 0 0 0 0 
375 78 0 0 0 0 67 53 0 0 586 0 0 0 523 0 0 0 324 0 
0 0 0 146 0 378 53 20 544 0 0 0 0 0 0 30 0 0 0 334 
0 55 0 0 0 0 0 544 38 0 0 0 0 302 0 0 0 0 300 0 
0 0 0 0 337 0 0 0 0 81 0 0 686 0 0 444 217 0 0 0 
0 0 443 0 382 0 586 0 0 0 48 0 0 0 0 0 0 0 0 0 
0 0 0 160 0 0 0 0 0 0 0 84 0 695 0 0 0 0 0 0 
0 0 264 0 0 0 0 0 0 686 0 0 59 126 0 0 0 0 0 245 
0 0 0 42 0 0 0 0 302 0 0 695 126 73 0 0 0 0 0 0 
0 0 0 0 0 346 523 0 0 0 0 0 0 0 34 0 523 330 0 0 
0 0 0 0 0 0 0 30 0 444 0 0 0 0 0 28 0 0 0 0 
0 0 0 0 0 0 0 0 0 217 0 0 0 0 523 0 6 0 0 256 
42 0 45 0 0 0 0 0 0 0 0 0 0 0 330 0 0 23 28 0 
0 69 0 0 327 0 324 0 300 0 0 0 0 0 0 0 0 28 35 0 
0 0 0 0 0 0 0 334 0 0 0 0 245 0 0 0 256 0 0 77 

7. Матрица интенсивности трафика ПД для линий связи
2225600 0 0 6933600 0 0 32100000 0 0 0 0 0 0 0 0 0 0 3595200 0 0 
0 684800 2054400 0 0 0 6676800 0 4708000 0 0 0 0 0 0 0 0 0 5906400 0 
0 2054400 7960800 13610400 0 0 0 0 0 0 37920800 0 22598400 0 0 0 0 3852000 0 0 
6933600 0 13610400 2054400 16606400 0 0 12497600 0 0 0 13696000 0 3595200 0 0 0 0 0 0 
0 0 0 16606400 2054400 0 0 0 0 28847200 32699200 0 0 0 0 0 0 0 27991200 0 
0 0 0 0 0 428000 0 32356800 0 0 0 0 0 0 29617600 0 0 0 0 0 
32100000 6676800 0 0 0 0 5735200 4536800 0 0 50161600 0 0 0 44768800 0 0 0 27734400 0 
0 0 0 12497600 0 32356800 4536800 1712000 46566400 0 0 0 0 0 0 2568000 0 0 0 28590400 
0 4708000 0 0 0 0 0 46566400 3252800 0 0 0 0 25851200 0 0 0 0 25680000 0 
0 0 0 0 28847200 0 0 0 0 6933600 0 0 58721600 0 0 38006400 18575200 0 0 0 
0 0 37920800 0 32699200 0 50161600 0 0 0 4108800 0 0 0 0 0 0 0 0 0 
0 0 0 13696000 0 0 0 0 0 0 0 7190400 0 59492000 0 0 0 0 0 0 
0 0 22598400 0 0 0 0 0 0 58721600 0 0 5050400 10785600 0 0 0 0 0 20972000 
0 0 0 3595200 0 0 0 0 25851200 0 0 59492000 10785600 6248800 0 0 0 0 0 0 
0 0 0 0 0 29617600 44768800 0 0 0 0 0 0 0 2910400 0 44768800 28248000 0 0 
0 0 0 0 0 0 0 2568000 0 38006400 0 0 0 0 0 2396800 0 0 0 0 
0 0 0 0 0 0 0 0 0 18575200 0 0 0 0 44768800 0 513600 0 0 21913600 
3595200 0 3852000 0 0 0 0 0 0 0 0 0 0 0 28248000 0 0 1968800 2396800 0 
0 5906400 0 0 27991200 0 27734400 0 25680000 0 0 0 0 0 0 0 0 2396800 2996000 0 
0 0 0 0 0 0 0 28590400 0 0 0 0 20972000 0 0 0 21913600 0 0 6591200 

8. Матрица пропускных способностей
2241599.99976158 0 0 6949599.99976158 0 0 32115999.9997616 0 0 0 0 0 0 0 0 0 0 3611199.99976158 0 0 
0 700799.999761581 2070399.99976158 0 0 0 6692799.99976158 0 4723999.99976158 0 0 0 0 0 0 0 0 0 5922399.99976158 0 
0 2070399.99976158 7976799.99976158 13626399.9997616 0 0 0 0 0 0 37936799.9997616 0 22614399.9997616 0 0 0 0 3867999.99976158 0 0 
6949599.99976158 0 13626399.9997616 2070399.99976158 16622399.9997616 0 0 12513599.9997616 0 0 0 13711999.9997616 0 3611199.99976158 0 0 0 0 0 0 
0 0 0 16622399.9997616 2070399.99976158 0 0 0 0 28863199.9997616 32715199.9997616 0 0 0 0 0 0 0 28007199.9997616 0 
0 0 0 0 0 443999.999761581 0 32372799.9997616 0 0 0 0 0 0 29633599.9997616 0 0 0 0 0 
32115999.9997616 6692799.99976158 0 0 0 0 5751199.99976158 4552799.99976158 0 0 50177599.9997616 0 0 0 44784799.9997616 0 0 0 27750399.9997616 0 
0 0 0 12513599.9997616 0 32372799.9997616 4552799.99976158 1727999.99976158 46582399.9997616 0 0 0 0 0 0 2583999.99976158 0 0 0 28606399.9997616 
0 4723999.99976158 0 0 0 0 0 46582399.9997616 3268799.99976158 0 0 0 0 25867199.9997616 0 0 0 0 25695999.9997616 0 
0 0 0 0 28863199.9997616 0 0 0 0 6949599.99976158 0 0 58737599.9997616 0 0 38022399.9997616 18591199.9997616 0 0 0 
0 0 37936799.9997616 0 32715199.9997616 0 50177599.9997616 0 0 0 4124799.99976158 0 0 0 0 0 0 0 0 0 
0 0 0 13711999.9997616 0 0 0 0 0 0 0 7206399.99976158 0 59507999.9997616 0 0 0 0 0 0 
0 0 22614399.9997616 0 0 0 0 0 0 58737599.9997616 0 0 5066399.99976158 10801599.9997616 0 0 0 0 0 20987999.9997616 
0 0 0 3611199.99976158 0 0 0 0 25867199.9997616 0 0 59507999.9997616 10801599.9997616 6264799.99976158 0 0 0 0 0 0 
0 0 0 0 0 29633599.9997616 44784799.9997616 0 0 0 0 0 0 0 2926399.99976158 0 44784799.9997616 28263999.9997616 0 0 
0 0 0 0 0 0 0 2583999.99976158 0 38022399.9997616 0 0 0 0 0 2412799.99976158 0 0 0 0 
0 0 0 0 0 0 0 0 0 18591199.9997616 0 0 0 0 44784799.9997616 0 529599.999761581 0 0 21929599.9997616 
3611199.99976158 0 3867999.99976158 0 0 0 0 0 0 0 0 0 0 0 28263999.9997616 0 0 1984799.99976158 2412799.99976158 0 
0 5922399.99976158 0 0 28007199.9997616 0 27750399.9997616 0 25695999.9997616 0 0 0 0 0 0 0 0 2412799.99976158 3011999.99976158 0 
0 0 0 0 0 0 0 28606399.9997616 0 0 0 0 20987999.9997616 0 0 0 21929599.9997616 0 0 6607199.99976158 

9. Матрица задержек
0 0.0393367639865898 0.047492094347586 0.0285714286930707 0.0455541098412762 0.0487933305275529 0.0150943396565922 0.0595387843953806 0.0563641810721037 0.058252522563717 0.0288874431332175 0.0571428573861414 0.0709509352861578 0.066620591344189 0.0336989908709607 0.0709509352861578 0.0439554011430461 0.0347826088759309 0.0436657683496629 0.0650080327880374 
0.0393367639865898 0 0.0444444447387884 0.0655122657455091 0.0369408370524384 0.0579414152009584 0.0242424243299976 0.0485757123525562 0.0347826088759309 0.0496392497748792 0.0380355278066229 0.0536411696966771 0.06233766249732 0.0450390191480163 0.0428470755443662 0.06233766249732 0.0531034858164516 0.0579414152009584 0.0242424243299976 0.0741561174614428 
0.047492094347586 0.0444444447387884 0 0.0285714286930707 0.0352713179224273 0.0660967455619545 0.0323977546909938 0.0571428573861414 0.0606681433673089 0.0474810215983716 0.0186046512143685 0.0571428573861414 0.0347826088759309 0.0709245536393942 0.0510024059053624 0.0601794343208124 0.0612588161774477 0.0444444447387884 0.0479697306448681 0.0695652177518618 
0.0285714286930707 0.0655122657455091 0.0285714286930707 0 0.0285714286930707 0.0403361345960481 0.0590311988777548 0.0285714286930707 0.042364532169696 0.0412698414155115 0.0452380954011295 0.0285714286930707 0.0539682541379523 0.0444444447387884 0.0554304742526403 0.0539682541379523 0.0656868845247257 0.0633540375690016 0.0412698414155115 0.0571428573861414 
0.0455541098412762 0.0369408370524384 0.0352713179224273 0.0285714286930707 0 0.0509546348244842 0.0304597701846841 0.0391899289215068 0.0253968254448815 0.0126984127224408 0.0166666667080588 0.0442553862656277 0.0253968254448815 0.0356532357169669 0.0490644213990526 0.0253968254448815 0.059320831671138 0.0641587610556448 0.0126984127224408 0.0677613576145775 
0.0487933305275529 0.0579414152009584 0.0660967455619545 0.0403361345960481 0.0509546348244842 0 0.0336989908709607 0.0117647059029774 0.0255578093796027 0.063653047546925 0.047492094347586 0.0444163702003489 0.0763514602693658 0.035814219651688 0.0150943396565922 0.0562091506417658 0.0253507499286776 0.0301886793131844 0.0382562221020434 0.0403361345960481 
0.0150943396565922 0.0242424243299976 0.0323977546909938 0.0590311988777548 0.0304597701846841 0.0336989908709607 0 0.0444444447387884 0.0412698414155115 0.0431581829071248 0.0137931034766253 0.0601284022362577 0.0558565956295656 0.0515262516875969 0.0186046512143685 0.0558565956295656 0.0288610614864539 0.0336989908709607 0.0285714286930707 0.0499136931314452 
0.0595387843953806 0.0485757123525562 0.0571428573861414 0.0285714286930707 0.0391899289215068 0.0117647059029774 0.0444444447387884 0 0.0137931034766253 0.0518883416439476 0.0558565956295656 0.0326516642973715 0.0645867543663884 0.0240495137487107 0.0268590455595696 0.0444444447387884 0.0371154558316549 0.0419533852161617 0.0264915161990661 0.0285714286930707 
0.0563641810721037 0.0347826088759309 0.0606681433673089 0.042364532169696 0.0253968254448815 0.0255578093796027 0.0412698414155115 0.0137931034766253 0 0.0380952381673223 0.0420634921529403 0.0188585608207462 0.0507936508897631 0.0102564102720854 0.0406521490361948 0.0507936508897631 0.0509085593082802 0.055746488692787 0.0126984127224408 0.042364532169696 
0.058252522563717 0.0496392497748792 0.0474810215983716 0.0412698414155115 0.0126984127224408 0.063653047546925 0.0431581829071248 0.0518883416439476 0.0380952381673223 0 0.0293650794304996 0.0569537989880685 0.0126984127224408 0.0483516484394077 0.0388278389651561 0.0126984127224408 0.0285714286930707 0.0539221786217483 0.0253968254448815 0.0474810215983716 
0.0288874431332175 0.0380355278066229 0.0186046512143685 0.0452380954011295 0.0166666667080588 0.047492094347586 0.0137931034766253 0.0558565956295656 0.0420634921529403 0.0293650794304996 0 0.0609220529736865 0.0420634921529403 0.0523199024250257 0.0323977546909938 0.0420634921529403 0.0426541649630792 0.047492094347586 0.0293650794304996 0.0637067966080705 
0.0571428573861414 0.0536411696966771 0.0571428573861414 0.0285714286930707 0.0442553862656277 0.0444163702003489 0.0601284022362577 0.0326516642973715 0.0188585608207462 0.0569537989880685 0.0609220529736865 0 0.0530465952874492 0.00860215054866082 0.059510709856941 0.0696522117105093 0.0697671201290264 0.0746050495135332 0.031556973543187 0.0612230929904422 
0.0709509352861578 0.06233766249732 0.0347826088759309 0.0539682541379523 0.0253968254448815 0.0763514602693658 0.0558565956295656 0.0645867543663884 0.0507936508897631 0.0126984127224408 0.0420634921529403 0.0530465952874492 0 0.0444444447387884 0.0515262516875969 0.0253968254448815 0.0412698414155115 0.066620591344189 0.0380952381673223 0.0347826088759309 
0.066620591344189 0.0450390191480163 0.0709245536393942 0.0444444447387884 0.0356532357169669 0.035814219651688 0.0515262516875969 0.0240495137487107 0.0102564102720854 0.0483516484394077 0.0523199024250257 0.00860215054866082 0.0444444447387884 0 0.0509085593082802 0.0610500611618485 0.0611649695803656 0.0660028989648724 0.0229548229945262 0.0526209424417814 
0.0336989908709607 0.0428470755443662 0.0510024059053624 0.0554304742526403 0.0490644213990526 0.0150943396565922 0.0186046512143685 0.0268590455595696 0.0406521490361948 0.0388278389651561 0.0323977546909938 0.059510709856941 0.0515262516875969 0.0509085593082802 0 0.0515262516875969 0.0102564102720854 0.0150943396565922 0.0471760799074392 0.0313090419170767 
0.0709509352861578 0.06233766249732 0.0601794343208124 0.0539682541379523 0.0253968254448815 0.0562091506417658 0.0558565956295656 0.0444444447387884 0.0507936508897631 0.0126984127224408 0.0420634921529403 0.0696522117105093 0.0253968254448815 0.0610500611618485 0.0515262516875969 0 0.0412698414155115 0.066620591344189 0.0380952381673223 0.0601794343208124 
0.0439554011430461 0.0531034858164516 0.0612588161774477 0.0656868845247257 0.059320831671138 0.0253507499286776 0.0288610614864539 0.0371154558316549 0.0509085593082802 0.0285714286930707 0.0426541649630792 0.0697671201290264 0.0412698414155115 0.0611649695803656 0.0102564102720854 0.0412698414155115 0 0.0253507499286776 0.0574324901795246 0.0210526316449913 
0.0347826088759309 0.0579414152009584 0.0444444447387884 0.0633540375690016 0.0641587610556448 0.0301886793131844 0.0336989908709607 0.0419533852161617 0.055746488692787 0.0539221786217483 0.047492094347586 0.0746050495135332 0.066620591344189 0.0660028989648724 0.0150943396565922 0.066620591344189 0.0253507499286776 0 0.0444444447387884 0.0464033815736689 
0.0436657683496629 0.0242424243299976 0.0479697306448681 0.0412698414155115 0.0126984127224408 0.0382562221020434 0.0285714286930707 0.0264915161990661 0.0126984127224408 0.0253968254448815 0.0293650794304996 0.031556973543187 0.0380952381673223 0.0229548229945262 0.0471760799074392 0.0380952381673223 0.0574324901795246 0.0444444447387884 0 0.0550629448921368 
0.0650080327880374 0.0741561174614428 0.0695652177518618 0.0571428573861414 0.0677613576145775 0.0403361345960481 0.0499136931314452 0.0285714286930707 0.042364532169696 0.0474810215983716 0.0637067966080705 0.0612230929904422 0.0347826088759309 0.0526209424417814 0.0313090419170767 0.0601794343208124 0.0210526316449913 0.0464033815736689 0.0550629448921368 0 

10. Матрица оптимизированных пропускных способностей (бит/с)
2241599.99976158 0 0 6989599.99976158 0 0 32205999.9997616 0 0 0 0 0 0 0 0 0 0 3641199.99976158 0 0 
0 700799.999761581 2090399.99976158 0 0 0 6742799.99976158 0 4753999.99976158 0 0 0 0 0 0 0 0 0 5972399.99976158 0 
0 2090399.99976158 7976799.99976158 13666399.9997616 0 0 0 0 0 0 38006799.9997616 0 22644399.9997616 0 0 0 0 3887999.99976158 0 0 
6989599.99976158 0 13666399.9997616 2070399.99976158 16662399.9997616 0 0 12553599.9997616 0 0 0 13751999.9997616 0 3631199.99976158 0 0 0 0 0 0 
0 0 0 16662399.9997616 2070399.99976158 0 0 0 0 28973199.9997616 32795199.9997616 0 0 0 0 0 0 0 28117199.9997616 0 
0 0 0 0 0 443999.999761581 0 32492799.9997616 0 0 0 0 0 0 29723599.9997616 0 0 0 0 0 
32205999.9997616 6742799.99976158 0 0 0 0 5751199.99976158 4572799.99976158 0 0 50277599.9997616 0 0 0 44854799.9997616 0 0 0 27790399.9997616 0 
0 0 0 12553599.9997616 0 32492799.9997616 4572799.99976158 1727999.99976158 46682399.9997616 0 0 0 0 0 0 2603999.99976158 0 0 0 28646399.9997616 
0 4753999.99976158 0 0 0 0 0 46682399.9997616 3268799.99976158 0 0 0 0 26007199.9997616 0 0 0 0 25805999.9997616 0 
0 0 0 0 28973199.9997616 0 0 0 0 6949599.99976158 0 0 58847599.9997616 0 0 38132399.9997616 18631199.9997616 0 0 0 
0 0 38006799.9997616 0 32795199.9997616 0 50277599.9997616 0 0 0 4124799.99976158 0 0 0 0 0 0 0 0 0 
0 0 0 13751999.9997616 0 0 0 0 0 0 0 7206399.99976158 0 59677999.9997616 0 0 0 0 0 0 
0 0 22644399.9997616 0 0 0 0 0 0 58847599.9997616 0 0 5066399.99976158 10821599.9997616 0 0 0 0 0 21017999.9997616 
0 0 0 3631199.99976158 0 0 0 0 26007199.9997616 0 0 59677999.9997616 10821599.9997616 6264799.99976158 0 0 0 0 0 0 
0 0 0 0 0 29723599.9997616 44854799.9997616 0 0 0 0 0 0 0 2926399.99976158 0 44924799.9997616 28353999.9997616 0 0 
0 0 0 0 0 0 0 2603999.99976158 0 38132399.9997616 0 0 0 0 0 2412799.99976158 0 0 0 0 
0 0 0 0 0 0 0 0 0 18631199.9997616 0 0 0 0 44924799.9997616 0 529599.999761581 0 0 21989599.9997616 
3641199.99976158 0 3887999.99976158 0 0 0 0 0 0 0 0 0 0 0 28353999.9997616 0 0 1984799.99976158 2432799.99976158 0 
0 5972399.99976158 0 0 28117199.9997616 0 27790399.9997616 0 25805999.9997616 0 0 0 0 0 0 0 0 2432799.99976158 3011999.99976158 0 
0 0 0 0 0 0 0 28646399.9997616 0 0 0 0 21017999.9997616 0 0 0 21989599.9997616 0 0 6607199.99976158 

